0
16
25
19
45
26
9
23
3
28
24
17
31
2
18
26
24
35
54
19
4
9
2
5
6
8

08 24
09 91
10 227
11 130
12 143
13 455
14 406
15 641
16 819
17 770
18 853
19 1318
20 1454
21 1356
22 2376
23 1989
24 895
01 511
02 202
03 147
04 66
05 62
06 121
07 166
08 287
09 417
10 518
11 467
12 420
13 504
14 371
15 278
16 350
17 354
18 495
19 396
20 353
21 370
22 368
23 445
24 768
01 225
02 118
03 95
04 24
05 14
06 47
07 91
08 119
09 172
10 170
11 126
12 148
13 176
14 81
15 100
16 184
17 189
18 230
19 140
20 197
21 151
22 163
23 149
24 97
01 91
02 43
03 65
04 22
00 
